90,2,5,1,2,1,0,3,4,4,3,5,4,4,5,3,4,4,3,5,2,4,4,9,1058,6,8710
90,1,5,4,2,2,0,3,4,2,2,3,3,2,4,4,4,4,3,4,4,5,3,9,65,6,796
88,3,3,1,2,2,0,3,5,5,3,3,2,3,4,5,5,4,4,4,3,4,4,26,390,4,11023
90,2,2,1,2,2,0,2,4,4,2,3,4,3,2,2,3,3,3,3,2,4,4,13,193,6,1755
91,1,2,1,2,2,1,4,4,3,2,3,3,3,3,3,4,3,4,4,4,3,3,28,1526,7,5931
93,3,3,1,2,2,1,2,2,3,3,3,3,3,4,2,4,3,4,4,2,3,3,13,575,9,4456
87,2,2,1,2,2,0,1,2,3,3,4,3,3,3,4,4,3,2,4,4,2,3,13,509,3,3600
88,5,2,1,2,2,0,3,1,4,4,2,3,3,2,3,2,2,2,4,5,3,3,12,583,4,4557
88,3,2,1,2,2,0,2,4,3,5,3,3,3,4,5,4,3,3,4,3,3,3,14,315,4,8752
89,3,2,1,2,2,0,2,3,4,5,3,3,3,3,3,4,4,2,4,4,3,3,12,138,5,3440
88,2,3,1,2,2,0,3,3,4,3,3,3,3,3,4,4,4,4,4,4,4,3,9,257,4,1981
85,2,2,1,2,2,0,1,2,3,3,2,2,2,4,5,4,3,3,4,4,2,3,30,423,1,13700
91,5,5,1,2,1,0,3,4,2,4,3,3,3,3,3,5,3,3,4,3,4,4,20,495,7,7105
90,3,3,1,2,2,1,4,2,3,3,4,3,3,3,4,4,3,4,3,2,4,3,16,622,6,6816
92,1,2,1,2,2,1,2,3,3,3,3,3,4,4,5,5,5,5,4,3,2,3,12,204,8,4620
90,3,3,1,2,2,1,4,2,3,2,3,3,2,3,5,5,4,5,5,1,5,4,15,616,6,7451
91,3,3,1,2,2,0,3,2,4,3,3,3,3,4,3,5,5,5,4,4,5,4,33,3643,7,39479