92,2,2,1,2,2,0,3,4,3,5,3,3,3,4,5,4,5,4,4,4,4,5,16,647,8,7871
93,2,2,1,2,2,0,3,2,3,3,3,3,3,2,2,4,3,4,4,4,4,4,5,130,9,845
90,1,2,1,2,2,0,2,3,3,2,3,3,4,2,3,4,5,4,3,2,3,3,8,254,6,2330
86,3,2,1,2,2,0,3,2,2,4,2,2,1,3,5,4,4,5,4,3,2,3,16,1056,2,21272
88,2,2,1,2,2,0,2,3,3,3,4,3,3,4,3,4,4,3,4,5,4,4,12,383,4,4224
92,2,3,1,2,2,1,4,2,3,3,3,3,3,2,2,4,4,4,4,4,5,4,12,345,8,2826
87,2,2,1,2,2,0,2,4,3,5,4,3,2,3,5,5,5,3,4,4,2,3,27,209,3,7320
86,2,2,1,2,2,0,1,2,3,3,2,2,2,4,5,4,3,3,3,3,2,3,24,366,2,9125
87,2,4,2,2,1,0,2,4,3,3,2,1,2,4,5,3,2,2,2,3,4,2,54,1181,3,11900
87,1,2,1,2,2,0,2,2,3,2,3,3,3,2,5,3,4,2,3,2,3,3,13,181,3,4300
90,2,5,1,2,1,0,1,5,3,4,2,3,1,3,3,3,2,2,2,1,1,2,21,739,6,4150
91,3,1,0,2,2,0,2,2,2,2,4,3,3,1,4,4,3,4,4,1,5,1,7,108,7,900
90,3,5,0,2,2,0,3,2,3,3,4,2,2,2,4,4,3,5,3,3,4,2,10,48,6,583
91,1,2,1,2,2,0,2,2,3,2,4,3,3,3,5,4,3,3,4,2,4,3,19,249,7,2565
92,2,2,1,2,2,0,2,3,4,3,3,3,3,3,3,5,5,2,4,3,3,3,11,371,8,4047